  -5.6853543e-02   9.2369950e-02   1.1429343e-01  -7.9706221e-02   7.8468701e-02  -2.7083631e-01   1.7122979e-04   8.2707818e-06  -2.0746610e-05   5.4946036e-11  -3.9377910e-22  -1.3959910e-22  -1.1066156e-08  -6.2924580e-08   1.8539264e-06   2.5086806e-03  -1.9913107e-02   9.3716709e-01   1.0307642e-01
  -6.6385711e-01  -2.5208111e-01   4.9767589e-02  -2.2197038e-02  -1.5077889e-02   5.6072035e-02  -8.4935932e-05  -6.1503061e-06  -4.2754629e-06   2.9914978e-12  -6.6465929e-22   1.3422885e-21  -3.1091426e-09  -3.4103077e-08   6.2559257e-08   5.6912893e-04   1.4846796e-03  -8.2297619e-02   6.9471756e-01
   0.0000000e+00   0.0000000e+00   0.0000000e+00   0.0000000e+00   0.0000000e+00   0.0000000e+00   0.0000000e+00   0.0000000e+00   0.0000000e+00   0.0000000e+00   2.2909904e-07  -1.0000000e+00   0.0000000e+00   0.0000000e+00   0.0000000e+00   0.0000000e+00   0.0000000e+00   0.0000000e+00   0.0000000e+00
   0.0000000e+00   0.0000000e+00   0.0000000e+00   0.0000000e+00   0.0000000e+00   0.0000000e+00   0.0000000e+00   0.0000000e+00   0.0000000e+00   8.1328564e-12   1.0000000e+00   2.2909904e-07  -4.4408921e-16   0.0000000e+00   0.0000000e+00   0.0000000e+00   0.0000000e+00   0.0000000e+00   0.0000000e+00
  -1.5417273e-09   1.1778567e-07  -2.2670257e-08  -3.0253938e-09   2.7996968e-07  -1.7672781e-07  -1.1092703e-05   1.4903631e-04   1.6120853e-03   3.1153890e-04  -2.9616053e-15  -2.0179000e-16  -9.9346916e-01  -1.1399503e-01   4.6295749e-03  -5.1878936e-07   8.2408831e-08  -7.8598953e-08   5.3496856e-08
  -8.6799371e-06   5.7447863e-04  -1.1822968e-04  -5.7100301e-06   1.3704618e-03  -8.9217631e-04   1.2098244e-02  -2.8873776e-01   9.5236883e-01   5.6554501e-08   5.1278645e-17  -2.5255767e-17   7.5104807e-04   2.5933441e-03  -9.7279219e-02   1.9496528e-03   3.9051790e-04  -4.2001097e-04   2.6280391e-04
  -6.9549184e-09  -2.4710562e-06   4.6043098e-07   9.4364860e-08  -5.8481344e-06   2.2449984e-06   1.1110041e-04   3.7078509e-03  -1.0862846e-03   3.5634488e-04  -2.8480786e-15  -1.5740282e-16   1.1365026e-01  -9.9239116e-01  -4.7205274e-02  -1.4534152e-05  -1.1027016e-06   1.4169292e-06  -1.0634890e-06
   7.1126132e-12  -5.2318804e-10   1.1016207e-10   1.1533742e-11  -1.2495581e-09   8.1346918e-10  -1.1311050e-07   2.4389286e-07  -2.3790691e-06   9.9999989e-01  -8.1328130e-12  -1.9428894e-16   2.6873818e-04   3.9037847e-04  -1.0966233e-05  -9.0647531e-09  -1.6896744e-09   3.5229504e-10  -2.3983703e-10
   1.9013862e-07  -1.6742559e-08   2.8232261e-07  -3.7685290e-07  -2.1099351e-07  -1.2803177e-06  -5.0513129e-03  -3.7880704e-02   9.0235355e-02   2.6513397e-05  -1.4060807e-18  -1.5795491e-16   1.0093730e-02  -4.6369321e-02   9.9405488e-01  -1.2223894e-04  -6.8444736e-05  -2.4410499e-07  -2.9736924e-08
  -8.6336917e-04  -1.1492182e-01   2.1133343e-02   5.0268507e-03  -2.7130463e-01   9.8386585e-02   4.4670706e-02  -3.6860715e-03   8.4620399e-04  -6.4964829e-09   5.8568782e-19   2.8943006e-19  -1.1142192e-06   1.1421778e-05  -1.0744715e-04  -9.4527875e-01  -2.2420109e-02   6.7694228e-02  -4.8860523e-02
  -1.0841004e-02   3.2305955e-02  -2.8963352e-02   1.9199222e-02   9.5212808e-02  -5.6343592e-01   7.7575062e-03   4.8372390e-04  -2.2896257e-04  -1.8237543e-09   4.2001727e-20  -6.5889687e-20  -4.4782155e-07   2.1775119e-06   1.2870104e-05  -8.6459140e-02  -7.9165378e-01  -1.8946997e-01   3.0912338e-02
  -3.9081008e-03   2.6533062e-01  -6.1581350e-02  -2.8481173e-03   6.3371715e-01  -4.1331378e-01   1.0786713e-02  -1.9676678e-03  -1.9032278e-03   3.7183360e-09   5.0390420e-20   3.4668156e-19  -7.9746943e-07  -1.3244812e-05   1.4810866e-04  -2.8921054e-01   4.6630271e-01  -1.9416919e-01   1.2021567e-01
  -1.1884400e-05   2.2234430e-04  -6.2526779e-05  -3.2542208e-06   5.3126564e-04  -4.9985701e-04  -7.5165488e-02   9.5366055e-01   2.9107644e-01  -6.3259832e-07  -1.6520078e-17  -1.4442541e-16   3.3823192e-04   2.8152559e-03   9.6640231e-03  -7.2861788e-03   1.0323943e-03  -1.6325604e-04   1.1103885e-04
   7.3531092e-01  -2.9479810e-01  -7.9564446e-02   2.0428265e-02   1.5315555e-02   4.8178858e-03   5.5259978e-05   3.2227283e-06   6.9725162e-08   3.2862517e-12   3.0550351e-22  -5.9605157e-22   3.0491432e-10   7.3042671e-09   2.0439011e-07  -2.5486810e-04  -1.1437568e-03   1.8737258e-02   6.0419688e-01
  -4.8545508e-05   1.2982055e-05   4.9928823e-05  -1.0688025e-04   1.6383827e-05  -7.2266720e-04   9.9596342e-01   7.5469397e-02   1.0841141e-02   1.6360075e-07   5.1792844e-18  -1.4205110e-17   4.3916165e-05   5.4830543e-05   6.9610392e-03   4.6540807e-02   5.3362722e-03  -4.2679891e-04   3.2422805e-05
  -1.3097377e-02  -2.4692327e-01   3.2656708e-02   1.3718309e-02  -5.7284625e-01  -6.5189037e-01  -7.9397464e-03  -1.5067337e-04   1.6193752e-06   7.7955255e-10  -6.2120189e-20   4.1903273e-20   3.3593857e-08  -8.0170951e-07  -6.1241421e-06   1.1428164e-01   3.9343653e-01  -1.0317844e-01  -7.6989409e-02
  -1.1995303e-01  -2.6715605e-01  -8.7962819e-01   3.0869785e-01   8.4837572e-02  -1.3358519e-02  -1.7916612e-04   8.9176183e-06   8.6994823e-06   5.2573490e-11  -1.5893189e-21  -1.3680789e-21   1.1837221e-08   6.7824814e-10   3.1325475e-07   5.7795411e-03   7.8770415e-03   1.5469308e-01  -1.1746274e-01
  -2.2204460e-16   1.7513481e-04   3.3820250e-01   9.3948580e-01   4.0540093e-02  -5.5875281e-04  -6.3760446e-05   1.3824754e-05  -2.4955569e-06   3.9247146e-11  -1.2432155e-21  -1.5986466e-21   7.3697852e-09  -2.8446981e-08   1.5458535e-06   2.5376954e-03   7.6851192e-03   3.4053679e-02   1.0793873e-02
   2.6181024e-02   7.8995068e-01  -2.8958379e-01   1.1924250e-01  -4.1486834e-01   1.9255712e-02  -1.4540465e-05  -6.1054375e-07   1.5640167e-06   3.0944125e-12  -2.4875013e-23  -1.9204447e-28   7.3853633e-10   2.5585337e-09  -5.1131189e-08   6.2699921e-04   5.0864491e-04  -2.5981505e-02   3.2257202e-01
