  -6.1458979e-02   3.1852836e-02   1.0828086e-02   7.8869208e-03  -9.8198671e-03   8.0665277e-02  -1.1257550e-02  -4.5723071e-01   6.0282629e-01   3.6928401e-01   1.1762761e-01   7.9869570e-05  -1.2852360e-06  -4.5276919e-10  -2.9154405e-08  -3.1088509e-06  -4.8075620e-04   7.2029237e-02   5.1033700e-01
   1.4957763e-01   8.2434425e-01  -1.7444150e-01  -7.5365369e-02  -1.2542010e-01   4.8492992e-01   4.7764292e-02   7.8247801e-02   1.8287949e-02  -2.7708988e-02   4.3540170e-03   6.7742809e-06   5.5651856e-08  -4.5885556e-11  -1.0625365e-08  -9.0295401e-09   8.2670812e-05   2.7054797e-03  -3.9413391e-02
  -3.9704865e-01  -3.0517962e-01  -6.1653670e-01   4.0090080e-01  -1.1454349e-01   4.3208253e-01   4.5917770e-02   6.7559272e-02   1.5259474e-02  -2.3113665e-02   3.5226805e-03   3.6303758e-06   7.3479674e-08  -3.9620881e-11  -1.0398345e-08   4.1881877e-08   6.5600460e-05   2.1878121e-03  -3.3260997e-02
  -3.9673747e-01  -2.2115411e-01   1.7906601e-01  -7.6466337e-01  -9.7212678e-02   3.9969019e-01   3.7837957e-02   6.6605438e-02   1.5054146e-02  -2.2848816e-02   3.4913754e-03   3.4015699e-06   7.4850104e-08  -3.8347905e-11  -1.0258076e-08   4.6893672e-08   6.4870499e-05   2.1680616e-03  -3.2854105e-02
  -9.5538516e-10   1.2717346e-09   7.0329390e-10  -5.3900931e-11  -3.8944262e-08   7.0988439e-08  -2.4690249e-07  -1.3225015e-07   2.3143908e-07   3.3377026e-07  -3.2050771e-05   5.7603383e-04  -1.6301787e-01  -2.9476187e-03  -9.8251346e-01   8.9907996e-02   6.6786895e-06   4.6804334e-05   1.2754241e-07
  -1.3688394e-05   7.7831570e-06   8.1959271e-06  -3.2889385e-06  -1.5809774e-04   4.3972706e-04  -4.7023233e-04  -9.7204285e-04  -1.7870323e-03   5.4591217e-03  -2.8673270e-01  -8.9118758e-02   1.3629291e-03   7.5883076e-07   8.6942494e-05   3.5915230e-03   8.3895890e-01   4.5380725e-01   4.7311465e-05
  -5.6908106e-09   7.8350652e-09   6.0884121e-09   7.0682089e-09   1.2977803e-06  -7.2495329e-07   5.0495569e-06   1.9477441e-06  -6.5876260e-06   3.0428770e-06   1.9536634e-04  -2.0094315e-03   8.8302398e-01  -9.4963400e-04  -1.8594140e-01  -4.3091673e-01   4.1816755e-04  -2.5031289e-04  -1.8298884e-06
   8.8798580e-12  -5.6388340e-12  -1.5578732e-12  -1.3344223e-12   1.7481860e-10  -1.8986788e-10   1.0201412e-09   5.0607196e-10  -1.0697763e-09   9.0680073e-10   8.8541281e-08   6.7460937e-07  -3.0488597e-04  -9.9999520e-01   3.0737705e-03   2.5263676e-04   1.7234274e-07  -1.3070117e-07  -7.2604898e-10
   2.0602175e-07  -1.0731678e-07  -3.4137580e-08  -2.9388411e-08  -8.0910412e-08  -6.8293480e-08  -2.5594137e-07   8.0098277e-07  -2.4670445e-06  -2.9577457e-05  -2.5335142e-03  -3.2779044e-02  -4.3991867e-01  -1.2071861e-04  -9.1449314e-03  -8.9737693e-01  -2.0511713e-03   4.1794384e-03   1.5754996e-05
  -1.4193496e-03   8.3856551e-04   4.2922191e-04   4.0379974e-04   5.3146260e-02  -3.2472930e-02   2.2185920e-01   1.2908525e-01  -1.3494487e-01   7.5844940e-02   8.0956325e-01   6.0809016e-03  -1.0009399e-04   1.8286562e-08   4.1403771e-06  -1.4647330e-04   6.3335516e-03   5.0011485e-01  -2.6195333e-02
  -1.1461473e-02   6.0288203e-03   1.8827574e-03   1.6705623e-03  -1.4873380e-02   5.3517906e-03  -4.0749906e-02  -7.2848821e-02  -3.0522802e-02   7.9750712e-01  -5.4748444e-02  -1.1062248e-03   7.7238228e-06   5.0610434e-10  -1.2496507e-08   1.6698334e-05  -6.4450949e-03  -3.2755602e-02  -5.9291336e-01
  -5.3017650e-03   2.3028200e-03   2.7860649e-03   7.9267491e-04  -9.7493505e-02   1.4654618e-01  -5.2630312e-01  -5.5944117e-01  -5.8918706e-01  -1.3967150e-03   1.1067630e-01   6.3052352e-04  -1.1981051e-05   1.9277444e-09   4.4587504e-07  -1.6992633e-05  -2.4042582e-04   6.6261902e-02   1.2338698e-01
  -1.1283131e-05   5.9680456e-06   2.0593873e-06  -1.4941145e-06  -4.3663983e-05   2.2561006e-04  -4.2650209e-04  -3.2950792e-04   5.5364751e-05   9.9641692e-04  -9.5774156e-02   9.8451236e-01  -1.1943834e-02  -3.3927984e-06  -9.9098505e-05  -2.9155218e-02  -5.5344244e-03   1.4330995e-01   5.5935408e-04
   7.9802171e-01  -4.0821435e-01  -1.2244039e-01  -1.2438233e-01  -2.3748080e-02   3.7295565e-01   1.3203560e-01  -7.8726304e-02   3.6823958e-02  -1.3012127e-02   7.4265755e-04  -1.4208381e-05   2.7031993e-07   5.5661353e-11   2.4947937e-09   5.7573802e-07  -5.4672670e-05   5.0364086e-04  -3.5249699e-02
  -5.2768743e-05   2.7210079e-05   8.9432035e-06   6.8567499e-06   2.3159008e-05   4.4852669e-05   8.5435026e-05  -2.6284433e-04  -7.3470149e-04  -3.5267216e-03  -4.2998044e-01  -1.4721890e-01   4.5569411e-03   5.7710827e-07   1.4625894e-05   8.8855812e-03  -5.4407377e-01   7.0520158e-01   2.2554800e-03
  -1.1834433e-02   7.7937929e-03   3.2573043e-03   1.2233535e-03   1.7546856e-01   5.3480756e-02   4.1861809e-01   1.8905976e-01  -5.0581783e-01   4.0334226e-01  -1.8655488e-01  -1.5505625e-03   1.6568349e-05   2.1433691e-09   2.0455103e-08   3.5501888e-05  -3.7938540e-03  -1.1721591e-01   5.3670964e-01
  -1.2996736e-01   6.7220688e-02   2.1393668e-02   1.8546398e-02   2.0322154e-01  -4.7886512e-03   6.3484923e-01  -6.2447594e-01  -8.0808236e-02  -2.3644941e-01  -6.4098735e-02  -1.8228685e-05  -4.2948616e-07   1.7183164e-11   9.9929093e-09  -5.1858924e-07   4.7535549e-04  -3.9437260e-02  -2.7451789e-01
  -6.3045145e-02  -7.6859960e-02   7.3606974e-01   4.8258813e-01  -1.1316559e-01   4.3955065e-01   4.4659117e-02   7.2033016e-02   1.7602132e-02  -2.4929294e-02   3.4539452e-03   4.5549112e-06   7.8999740e-08  -5.1138954e-11  -1.1184114e-08   2.3712649e-08   7.0354333e-05   2.1509568e-03  -3.5855417e-02
   2.8190090e-02  -1.5168403e-02  -8.2076222e-04  -1.0724478e-02  -9.2929730e-01  -2.3269198e-01   2.6167108e-01  -6.1408011e-02  -7.3974060e-02   2.4614850e-02  -1.6705579e-02  -3.4958737e-05   1.3730058e-07  -6.6958194e-11  -2.5817247e-08   1.8799244e-07  -3.0595308e-04  -1.0546615e-02   4.9085390e-02
