5 0.0052 0.0291 0.0003 0.2452 0.4083 0.3119
10 0.0048 0.0281 0.0003 0.2473 0.3855 0.3340
15 0.0053 0.0278 0.0003 0.2550 0.3928 0.3188
20 0.0049 0.0256 0.0003 0.2567 0.3835 0.3291
25 0.0053 0.0285 0.0003 0.2533 0.3849 0.3278
30 0.0053 0.0282 0.0003 0.2568 0.3933 0.3161
35 0.0052 0.0295 0.0003 0.2547 0.3950 0.3153
40 0.0049 0.0255 0.0003 0.2581 0.3928 0.3185
45 0.0051 0.0269 0.0003 0.2544 0.3883 0.3250
50 0.0052 0.0278 0.0003 0.2576 0.3920 0.3171
55 0.0054 0.0298 0.0003 0.2549 0.3917 0.3179
60 0.0051 0.0266 0.0003 0.2570 0.3906 0.3204
65 0.0051 0.0271 0.0003 0.2554 0.3892 0.3229
70 0.0051 0.0271 0.0003 0.2548 0.3885 0.3243
75 0.0050 0.0264 0.0003 0.2549 0.3885 0.3250
80 0.0051 0.0272 0.0003 0.2568 0.3898 0.3208
85 0.0051 0.0267 0.0003 0.2563 0.3884 0.3232
90 0.0050 0.0264 0.0003 0.2551 0.3910 0.3222
95 0.0051 0.0265 0.0003 0.2549 0.3900 0.3232
100 0.0051 0.0270 0.0003 0.2547 0.3887 0.3242
105 0.0050 0.0271 0.0003 0.2559 0.3900 0.3217
110 0.0050 0.0265 0.0003 0.2562 0.3889 0.3232
115 0.0051 0.0275 0.0003 0.2545 0.3909 0.3218
120 0.0051 0.0270 0.0003 0.2549 0.3900 0.3227
125 0.0050 0.0261 0.0003 0.2552 0.3883 0.3250
130 0.0051 0.0269 0.0003 0.2553 0.3877 0.3247
135 0.0050 0.0267 0.0003 0.2546 0.3893 0.3241
140 0.0052 0.0276 0.0003 0.2565 0.3896 0.3209
145 0.0050 0.0267 0.0003 0.2558 0.3888 0.3234
150 0.0051 0.0271 0.0003 0.2558 0.3891 0.3226
155 0.0051 0.0274 0.0003 0.2561 0.3894 0.3217
160 0.0050 0.0268 0.0003 0.2545 0.3884 0.3250
165 0.0050 0.0267 0.0003 0.2553 0.3881 0.3245
170 0.0050 0.0264 0.0003 0.2556 0.3885 0.3243
175 0.0051 0.0267 0.0003 0.2564 0.3883 0.3232
180 0.0051 0.0271 0.0003 0.2552 0.3887 0.3237
185 0.0050 0.0264 0.0003 0.2562 0.3877 0.3245
190 0.0051 0.0271 0.0003 0.2550 0.3902 0.3223
195 0.0051 0.0270 0.0003 0.2543 0.3895 0.3238
200 0.0051 0.0267 0.0003 0.2556 0.3874 0.3251
205 0.0050 0.0269 0.0003 0.2550 0.3884 0.3244
210 0.0050 0.0261 0.0003 0.2556 0.3875 0.3255
215 0.0049 0.0264 0.0003 0.2552 0.3875 0.3257
220 0.0050 0.0270 0.0003 0.2552 0.3892 0.3232
225 0.0051 0.0272 0.0003 0.2562 0.3903 0.3210
230 0.0050 0.0260 0.0003 0.2561 0.3892 0.3235
235 0.0050 0.0266 0.0003 0.2554 0.3905 0.3221
240 0.0051 0.0271 0.0003 0.2552 0.3904 0.3220
245 0.0050 0.0269 0.0003 0.2553 0.3888 0.3237
250 0.0051 0.0269 0.0003 0.2560 0.3890 0.3227
255 0.0050 0.0269 0.0003 0.2557 0.3888 0.3233
260 0.0050 0.0264 0.0003 0.2563 0.3883 0.3237
265 0.0050 0.0262 0.0003 0.2558 0.3875 0.3252
270 0.0050 0.0271 0.0003 0.2548 0.3879 0.3249
275 0.0051 0.0271 0.0003 0.2556 0.3879 0.3241
280 0.0051 0.0269 0.0003 0.2550 0.3874 0.3253
285 0.0051 0.0270 0.0003 0.2554 0.3877 0.3246
290 0.0050 0.0266 0.0003 0.2544 0.3875 0.3262
295 0.0051 0.0268 0.0003 0.2556 0.3892 0.3230
300 0.0050 0.0270 0.0003 0.2557 0.3893 0.3226
305 0.0051 0.0267 0.0003 0.2559 0.3883 0.3239
310 0.0051 0.0269 0.0003 0.2555 0.3895 0.3228
315 0.0050 0.0266 0.0003 0.2555 0.3891 0.3235
320 0.0051 0.0273 0.0003 0.2552 0.3882 0.3240
325 0.0051 0.0269 0.0003 0.2560 0.3888 0.3230
330 0.0050 0.0265 0.0003 0.2557 0.3882 0.3243
335 0.0051 0.0268 0.0003 0.2558 0.3873 0.3248
340 0.0051 0.0272 0.0003 0.2551 0.3896 0.3227
345 0.0050 0.0265 0.0003 0.2557 0.3891 0.3233
350 0.0050 0.0269 0.0003 0.2559 0.3902 0.3216
355 0.0051 0.0268 0.0003 0.2555 0.3885 0.3239
360 0.0051 0.0272 0.0003 0.2553 0.3888 0.3233
365 0.0051 0.0273 0.0003 0.2554 0.3894 0.3226
370 0.0050 0.0265 0.0003 0.2547 0.3897 0.3239
375 0.0051 0.0266 0.0003 0.2550 0.3883 0.3248
380 0.0050 0.0265 0.0003 0.2558 0.3890 0.3233
385 0.0050 0.0267 0.0003 0.2557 0.3882 0.3240
390 0.0051 0.0270 0.0003 0.2557 0.3884 0.3236
395 0.0051 0.0268 0.0003 0.2559 0.3892 0.3228
400 0.0051 0.0269 0.0003 0.2556 0.3886 0.3235
405 0.0051 0.0273 0.0003 0.2556 0.3897 0.3221
410 0.0051 0.0268 0.0003 0.2550 0.3884 0.3245
415 0.0051 0.0269 0.0003 0.2558 0.3887 0.3232
420 0.0050 0.0265 0.0003 0.2557 0.3888 0.3238
425 0.0050 0.0264 0.0003 0.2552 0.3884 0.3246
430 0.0051 0.0272 0.0003 0.2554 0.3894 0.3226
435 0.0050 0.0267 0.0003 0.2555 0.3894 0.3231
440 0.0051 0.0268 0.0003 0.2552 0.3886 0.3240
445 0.0051 0.0268 0.0003 0.2558 0.3882 0.3239
450 0.0051 0.0270 0.0003 0.2553 0.3897 0.3226
455 0.0051 0.0266 0.0003 0.2561 0.3903 0.3216
460 0.0051 0.0273 0.0003 0.2553 0.3889 0.3231
465 0.0051 0.0270 0.0003 0.2547 0.3888 0.3241
470 0.0051 0.0269 0.0003 0.2551 0.3895 0.3232
475 0.0051 0.0271 0.0003 0.2555 0.3889 0.3232
480 0.0050 0.0267 0.0003 0.2560 0.3893 0.3227
485 0.0051 0.0270 0.0003 0.2553 0.3894 0.3230
490 0.0050 0.0267 0.0003 0.2553 0.3883 0.3244
495 0.0050 0.0263 0.0003 0.2553 0.3879 0.3251
500 0.0051 0.0267 0.0003 0.2554 0.3892 0.3233
